[[[0 1]
  [0 2]]

 [[0 1]
  [3 2]]]

Calculation Time: 0:00:00.233607

[[0, [array([[0],
       [0],
       [0]]), array([[1],
       [0],
       [0]]), array([[0],
       [1],
       [0]])], [array([[0],
       [0],
       [0]]), 0]], [1, [array([[0],
       [0],
       [0]]), array([[1],
       [0],
       [0]])], [array([[0],
       [0],
       [1]]), 0]], [2, [array([[0],
       [0],
       [0]]), array([[1],
       [0],
       [0]])], [array([[0],
       [1],
       [1]]), 0]], [3, [array([[0],
       [0],
       [0]])], [array([[0],
       [1],
       [1]]), 1]]]
